  1.0000000e+001  0.0000000e+000
  1.1000000e+001  0.0000000e+000
  1.2000000e+001  0.0000000e+000
  1.3000000e+001  0.0000000e+000
  1.4000000e+001  5.4904338e-011
  1.5000000e+001  3.0750058e-009
  1.6000000e+001  5.0614876e-008
  1.7000000e+001  5.3405178e-007
  1.8000000e+001  3.6625120e-006
  1.9000000e+001  1.6557318e-005
  2.0000000e+001  5.0062873e-005
  2.1000000e+001  1.1906983e-004
  2.2000000e+001  2.5999003e-004
  2.3000000e+001  5.2294444e-004
  2.4000000e+001  9.7231643e-004
  2.5000000e+001  1.6769656e-003
  2.6000000e+001  2.6921455e-003
  2.7000000e+001  4.0363853e-003
  2.8000000e+001  5.6706672e-003
  2.9000000e+001  7.4887930e-003
  3.0000000e+001  9.3256705e-003
  3.1000000e+001  1.1167112e-002
  3.2000000e+001  1.3098637e-002
  3.3000000e+001  1.5070756e-002
  3.4000000e+001  1.7031092e-002
  3.5000000e+001  1.8927838e-002
  3.6000000e+001  2.0713093e-002
  3.7000000e+001  2.2345572e-002
  3.8000000e+001  2.3792656e-002
  3.9000000e+001  2.5031722e-002
  4.0000000e+001  2.6050273e-002
  4.1000000e+001  2.6892449e-002
  4.2000000e+001  2.7601503e-002
  4.3000000e+001  2.8173493e-002
  4.4000000e+001  2.8606693e-002
  4.5000000e+001  2.8901408e-002
  4.6000000e+001  2.9060204e-002
  4.7000000e+001  2.9087080e-002
  4.8000000e+001  2.8987859e-002
  4.9000000e+001  2.8769511e-002
  5.0000000e+001  2.8440152e-002
  5.1000000e+001  2.8025650e-002
  5.2000000e+001  2.7546143e-002
  5.3000000e+001  2.7002187e-002
  5.4000000e+001  2.6394436e-002
  5.5000000e+001  2.5723937e-002
  5.6000000e+001  2.4992156e-002
  5.7000000e+001  2.4201073e-002
  5.8000000e+001  4.1142857e-002
  5.9000000e+001  2.2450932e-002
  6.0000000e+001  2.1497950e-002
  6.1000000e+001  2.0511559e-002
  6.2000000e+001  1.9506766e-002
  6.3000000e+001  1.8484102e-002
  6.4000000e+001  1.7444414e-002
  6.5000000e+001  1.6389225e-002
  6.6000000e+001  1.5320969e-002
  6.7000000e+001  2.5482746e-002
  6.8000000e+001  1.3159847e-002
  6.9000000e+001  1.5078401e-002
  7.0000000e+001  1.0561713e-002
  7.1000000e+001  9.5707742e-003
  7.2000000e+001  8.5588659e-003
  7.3000000e+001  7.5283364e-003
  7.4000000e+001  6.4815973e-003
  7.5000000e+001  5.4210968e-003
  7.6000000e+001  4.3493238e-003
  7.7000000e+001  3.2688038e-003
  7.8000000e+001  2.1820530e-003
  7.9000000e+001  1.0916342e-003
  8.0000000e+001  4.5529780e-005
