  1.0000000e+001  0.0000000e+000
  1.1000000e+001  0.0000000e+000
  1.2000000e+001  0.0000000e+000
  1.3000000e+001  0.0000000e+000
  1.4000000e+001  3.5207310e-011
  1.5000000e+001  1.9793490e-009
  1.6000000e+001  3.2751606e-008
  1.7000000e+001  3.4807516e-007
  1.8000000e+001  2.4095050e-006
  1.9000000e+001  1.1016067e-005
  2.0000000e+001  3.3733646e-005
  2.1000000e+001  8.1328731e-005
  2.2000000e+001  1.8007378e-004
  2.3000000e+001  3.6725928e-004
  2.4000000e+001  6.9212485e-004
  2.5000000e+001  1.2092162e-003
  2.6000000e+001  1.9650386e-003
  2.7000000e+001  2.9800376e-003
  2.8000000e+001  4.2313368e-003
  2.9000000e+001  5.6433362e-003
  3.0000000e+001  7.0919773e-003
  3.1000000e+001  8.5644142e-003
  3.2000000e+001  1.0124763e-002
  3.3000000e+001  1.1734270e-002
  3.4000000e+001  1.3351015e-002
  3.5000000e+001  1.4932777e-002
  3.6000000e+001  1.6439824e-002
  3.7000000e+001  1.7837233e-002
  3.8000000e+001  1.9096858e-002
  3.9000000e+001  2.0198281e-002
  4.0000000e+001  2.1129496e-002
  4.1000000e+001  2.1924521e-002
  4.2000000e+001  2.2617823e-002
  4.3000000e+001  2.3205656e-002
  4.4000000e+001  2.3686096e-002
  4.5000000e+001  2.4059117e-002
  4.6000000e+001  2.4326273e-002
  4.7000000e+001  2.4490622e-002
  4.8000000e+001  2.4556454e-002
  4.9000000e+001  2.4529188e-002
  5.0000000e+001  2.4415049e-002
  5.1000000e+001  2.4235702e-002
  5.2000000e+001  2.4008517e-002
  5.3000000e+001  2.3733490e-002
  5.4000000e+001  2.3411050e-002
  5.5000000e+001  2.3041641e-002
  5.6000000e+001  2.2625934e-002
  5.7000000e+001  2.2165001e-002
  5.8000000e+001  5.6647474e-002
  5.9000000e+001  2.1112023e-002
  6.0000000e+001  2.0523222e-002
  6.1000000e+001  1.9908626e-002
  6.2000000e+001  1.9281961e-002
  6.3000000e+001  1.8643087e-002
  6.4000000e+001  1.7992180e-002
  6.5000000e+001  1.7329961e-002
  6.6000000e+001  1.6658100e-002
  6.7000000e+001  3.8466294e-002
  6.8000000e+001  1.5297938e-002
  6.9000000e+001  2.0643419e-002
  7.0000000e+001  1.2715375e-002
  7.1000000e+001  1.2187871e-002
  7.2000000e+001  1.1641380e-002
  7.3000000e+001  1.1077064e-002
  7.4000000e+001  1.0496060e-002
  7.5000000e+001  9.8997592e-003
  7.6000000e+001  9.2893056e-003
  7.7000000e+001  8.6659500e-003
  7.8000000e+001  8.0310540e-003
  7.9000000e+001  7.3859553e-003
  8.0000000e+001  6.7319653e-003
  8.1000000e+001  6.0710635e-003
  8.2000000e+001  5.4048874e-003
  8.3000000e+001  4.7344095e-003
  8.4000000e+001  4.0605871e-003
  8.5000000e+001  3.3843689e-003
  8.6000000e+001  2.7067023e-003
  8.7000000e+001  2.0285174e-003
  8.8000000e+001  1.3507418e-003
  8.9000000e+001  6.7428970e-004
  9.0000000e+001  2.8070284e-005
