  1.0000000e+001  0.0000000e+000
  1.1000000e+001  0.0000000e+000
  1.2000000e+001  0.0000000e+000
  1.3000000e+001  0.0000000e+000
  1.4000000e+001  1.8010230e-011
  1.5000000e+001  1.0164837e-009
  1.6000000e+001  1.6896992e-008
  1.7000000e+001  1.8069376e-007
  1.8000000e+001  1.2617027e-006
  1.9000000e+001  5.8359081e-006
  2.0000000e+001  1.8135039e-005
  2.1000000e+001  4.4487476e-005
  2.2000000e+001  1.0043375e-004
  2.3000000e+001  2.0913336e-004
  2.4000000e+001  4.0266588e-004
  2.5000000e+001  7.1880590e-004
  2.6000000e+001  1.1930687e-003
  2.7000000e+001  1.8467230e-003
  2.8000000e+001  2.6739123e-003
  2.9000000e+001  3.6328511e-003
  3.0000000e+001  4.6455849e-003
  3.1000000e+001  5.7023447e-003
  3.2000000e+001  6.8445583e-003
  3.3000000e+001  8.0458527e-003
  3.4000000e+001  9.2758306e-003
  3.5000000e+001  1.0502926e-002
  3.6000000e+001  1.1695807e-002
  3.7000000e+001  1.2826058e-002
  3.8000000e+001  1.3869537e-002
  3.9000000e+001  1.4807558e-002
  4.0000000e+001  1.5627659e-002
  4.1000000e+001  1.6351892e-002
  4.2000000e+001  1.7003925e-002
  4.3000000e+001  1.7579584e-002
  4.4000000e+001  1.8076241e-002
  4.5000000e+001  1.8492916e-002
  4.6000000e+001  1.8829918e-002
  4.7000000e+001  1.9088913e-002
  4.8000000e+001  1.9272685e-002
  4.9000000e+001  1.9384902e-002
  5.0000000e+001  1.9430148e-002
  5.1000000e+001  1.9425387e-002
  5.2000000e+001  1.9384458e-002
  5.3000000e+001  1.9307600e-002
  5.4000000e+001  1.9195137e-002
  5.5000000e+001  1.9047521e-002
  5.6000000e+001  1.8865187e-002
  5.7000000e+001  1.8648802e-002
  5.8000000e+001  7.4334974e-002
  5.9000000e+001  1.8116553e-002
  6.0000000e+001  1.7802486e-002
  6.1000000e+001  1.7469441e-002
  6.2000000e+001  1.7129197e-002
  6.3000000e+001  1.6781630e-002
  6.4000000e+001  1.6426705e-002
  6.5000000e+001  1.6064985e-002
  6.6000000e+001  1.5697747e-002
  6.7000000e+001  5.2529795e-002
  6.8000000e+001  1.4957444e-002
  6.9000000e+001  2.4616668e-002
  7.0000000e+001  1.1614331e-002
  7.1000000e+001  1.1445491e-002
  7.2000000e+001  1.1264049e-002
  7.3000000e+001  1.1070419e-002
  7.4000000e+001  1.0865081e-002
  7.5000000e+001  1.0648499e-002
  7.6000000e+001  1.0421118e-002
  7.7000000e+001  1.0183441e-002
  7.8000000e+001  9.9359178e-003
  7.9000000e+001  9.6791214e-003
  8.0000000e+001  9.4136042e-003
  8.1000000e+001  9.1407819e-003
  8.2000000e+001  8.8618835e-003
  8.3000000e+001  8.5773861e-003
  8.4000000e+001  8.2875963e-003
  8.5000000e+001  7.9929074e-003
  8.6000000e+001  7.6936695e-003
  8.7000000e+001  7.3902765e-003
  8.8000000e+001  7.0830345e-003
  8.9000000e+001  6.7722486e-003
  9.0000000e+001  6.4583557e-003
  9.1000000e+001  6.1416159e-003
  9.2000000e+001  5.8223768e-003
  9.3000000e+001  5.5009411e-003
  9.4000000e+001  5.1776556e-003
  9.5000000e+001  4.8528667e-003
  9.6000000e+001  4.5267855e-003
  9.7000000e+001  4.1998289e-003
  9.8000000e+001  3.8722376e-003
  9.9000000e+001  3.5443364e-003
  1.0000000e+002  3.2164174e-003
  1.0100000e+002  2.8887149e-003
  1.0200000e+002  2.5615018e-003
  1.0300000e+002  2.2351220e-003
  1.0400000e+002  1.9098982e-003
  1.0500000e+002  1.5861595e-003
  1.0600000e+002  1.2642002e-003
  1.0700000e+002  9.4432742e-004
  1.0800000e+002  6.2682113e-004
  1.0900000e+002  3.1196377e-004
  1.1000000e+002  1.2948125e-005
