  1.0000000e+001  0.0000000e+000
  1.1000000e+001  0.0000000e+000
  1.2000000e+001  0.0000000e+000
  1.3000000e+001  0.0000000e+000
  1.4000000e+001  9.0504134e-012
  1.5000000e+001  5.1251011e-010
  1.6000000e+001  8.5458262e-009
  1.7000000e+001  9.1673878e-008
  1.8000000e+001  6.4247931e-007
  1.9000000e+001  2.9865700e-006
  2.0000000e+001  9.3463502e-006
  2.1000000e+001  2.3151338e-005
  2.2000000e+001  5.2931199e-005
  2.3000000e+001  1.1194385e-004
  2.4000000e+001  2.1946473e-004
  2.5000000e+001  3.9970958e-004
  2.6000000e+001  6.7783125e-004
  2.7000000e+001  1.0728528e-003
  2.8000000e+001  1.5889284e-003
  2.9000000e+001  2.2078635e-003
  3.0000000e+001  2.8863308e-003
  3.1000000e+001  3.6194567e-003
  3.2000000e+001  4.4345996e-003
  3.3000000e+001  5.3160378e-003
  3.4000000e+001  6.2437075e-003
  3.5000000e+001  7.1948582e-003
  3.6000000e+001  8.1456967e-003
  3.7000000e+001  9.0728074e-003
  3.8000000e+001  9.9551316e-003
  3.9000000e+001  1.0774913e-002
  4.0000000e+001  1.1518406e-002
  4.1000000e+001  1.2198046e-002
  4.2000000e+001  1.2828224e-002
  4.3000000e+001  1.3403667e-002
  4.4000000e+001  1.3920265e-002
  4.5000000e+001  1.4375120e-002
  4.6000000e+001  1.4767159e-002
  4.7000000e+001  1.5095956e-002
  4.8000000e+001  1.5362597e-002
  4.9000000e+001  1.5569110e-002
  5.0000000e+001  1.5718318e-002
  5.1000000e+001  1.5823450e-002
  5.2000000e+001  1.5895517e-002
  5.3000000e+001  1.5934765e-002
  5.4000000e+001  1.5941440e-002
  5.5000000e+001  1.5915941e-002
  5.6000000e+001  1.5858689e-002
  5.7000000e+001  1.5770214e-002
  5.8000000e+001  8.4995310e-002
  5.9000000e+001  1.5502183e-002
  6.0000000e+001  1.5324133e-002
  6.1000000e+001  1.5127931e-002
  6.2000000e+001  1.4923952e-002
  6.3000000e+001  1.4712347e-002
  6.4000000e+001  1.4493368e-002
  6.5000000e+001  1.4267626e-002
  6.6000000e+001  1.4036518e-002
  6.7000000e+001  6.2353077e-002
  6.8000000e+001  1.3568375e-002
  6.9000000e+001  2.6530166e-002
  7.0000000e+001  9.0826077e-003
  7.1000000e+001  9.0580993e-003
  7.2000000e+001  9.0252435e-003
  7.3000000e+001  8.9842538e-003
  7.4000000e+001  8.9353386e-003
  7.5000000e+001  8.8787223e-003
  7.6000000e+001  8.8146434e-003
  7.7000000e+001  8.7433301e-003
  7.8000000e+001  8.6650298e-003
  7.9000000e+001  8.5799988e-003
  8.0000000e+001  8.4885220e-003
  8.1000000e+001  8.3917029e-003
  8.2000000e+001  8.2905465e-003
  8.3000000e+001  8.1852529e-003
  8.4000000e+001  8.0760747e-003
  8.5000000e+001  7.9631648e-003
  8.6000000e+001  7.8467530e-003
  8.7000000e+001  7.7270191e-003
  8.8000000e+001  7.6041173e-003
  8.9000000e+001  7.4782535e-003
  9.0000000e+001  7.3495821e-003
  9.1000000e+001  7.2182577e-003
  9.2000000e+001  7.0844345e-003
  9.3000000e+001  6.9482930e-003
  9.4000000e+001  6.8099620e-003
  9.5000000e+001  6.6695701e-003
  9.6000000e+001  6.5272724e-003
  9.7000000e+001  6.3831980e-003
  9.8000000e+001  6.2374501e-003
  9.9000000e+001  6.0902111e-003
  1.0000000e+002  5.9415581e-003
  1.0100000e+002  5.7915175e-003
  1.0200000e+002  5.6400743e-003
  1.0300000e+002  5.4874642e-003
  1.0400000e+002  5.3337841e-003
  1.0500000e+002  5.1792023e-003
  1.0600000e+002  5.0238784e-003
  1.0700000e+002  4.8679088e-003
  1.0800000e+002  4.7114589e-003
  1.0900000e+002  4.5546032e-003
  1.1000000e+002  4.3974312e-003
  1.1100000e+002  4.2400272e-003
  1.1200000e+002  4.0825152e-003
  1.1300000e+002  3.9249700e-003
  1.1400000e+002  3.7674941e-003
  1.1500000e+002  3.6102171e-003
  1.1600000e+002  3.4532162e-003
  1.1700000e+002  3.2965950e-003
  1.1800000e+002  3.1404565e-003
  1.1900000e+002  2.9849027e-003
  1.2000000e+002  2.8300342e-003
  1.2100000e+002  2.6759354e-003
  1.2200000e+002  2.5226616e-003
  1.2300000e+002  2.3703322e-003
  1.2400000e+002  2.2190262e-003
  1.2500000e+002  2.0688309e-003
  1.2600000e+002  1.9198337e-003
  1.2700000e+002  1.7721120e-003
  1.2800000e+002  1.6257504e-003
  1.2900000e+002  1.4808228e-003
  1.3000000e+002  1.3374048e-003
  1.3100000e+002  1.1955505e-003
  1.3200000e+002  1.0553169e-003
  1.3300000e+002  9.1678235e-004
  1.3400000e+002  7.8001842e-004
  1.3500000e+002  6.4509414e-004
  1.3600000e+002  5.1207231e-004
  1.3700000e+002  3.8101095e-004
  1.3800000e+002  2.5195483e-004
  1.3900000e+002  1.2494614e-004
  1.4000000e+002  5.1676558e-006
