1.000000000000000000e+01 5.265649999999999975e-05
1.100000000000000000e+01 2.087299999999999887e-04
1.200000000000000000e+01 8.444600000000000023e-04
1.300000000000000000e+01 2.331059999999999816e-03
1.400000000000000000e+01 5.483700000000000206e-03
1.500000000000000000e+01 1.036529999999999917e-02
1.600000000000000000e+01 1.700679999999999900e-02
1.700000000000000000e+01 2.520930000000000046e-02
1.800000000000000000e+01 3.251579999999999748e-02
1.900000000000000000e+01 4.144660000000000011e-02
2.000000000000000000e+01 4.781040000000000290e-02
2.100000000000000000e+01 5.500979999999999759e-02
2.200000000000000000e+01 5.877389999999999698e-02
2.300000000000000000e+01 6.271050000000000235e-02
2.400000000000000000e+01 6.337230000000000640e-02
2.500000000000000000e+01 6.295199999999999407e-02
2.600000000000000000e+01 6.065759999999999902e-02
2.700000000000000000e+01 5.780489999999999934e-02
2.800000000000000000e+01 5.577270000000000144e-02
2.900000000000000000e+01 5.350139999999999757e-02
3.000000000000000000e+01 5.165020000000000028e-02
3.100000000000000000e+01 4.785629999999999745e-02
3.200000000000000000e+01 4.295199999999999713e-02
3.300000000000000000e+01 3.785129999999999745e-02
3.400000000000000000e+01 3.222509999999999958e-02
3.500000000000000000e+01 2.616790000000000088e-02
3.600000000000000000e+01 1.967620000000000133e-02
3.700000000000000000e+01 1.283970000000000077e-02
3.800000000000000000e+01 8.590399999999999772e-03
3.900000000000000000e+01 4.425499999999999746e-03
4.000000000000000000e+01 1.931500000000000057e-03
