  1.0000000e+001  0.0000000e+000
  1.1000000e+001  0.0000000e+000
  1.2000000e+001  0.0000000e+000
  1.3000000e+001  0.0000000e+000
  1.4000000e+001  1.7339536e-012
  1.5000000e+001  1.6996861e-009
  1.6000000e+001  1.2150877e-008
  1.7000000e+001  8.6247326e-008
  1.8000000e+001  6.0766050e-007
  1.9000000e+001  4.2472575e-006
  2.0000000e+001  2.9433893e-005
  2.1000000e+001  5.2307256e-005
  2.2000000e+001  9.2126445e-005
  2.3000000e+001  1.6084586e-004
  2.4000000e+001  2.7850335e-004
  2.5000000e+001  4.7852375e-004
  2.6000000e+001  8.1643874e-004
  2.7000000e+001  1.3841981e-003
  2.8000000e+001  2.3336333e-003
  2.9000000e+001  3.9148396e-003
  3.0000000e+001  6.5390118e-003
  3.1000000e+001  7.3920163e-003
  3.2000000e+001  8.3290108e-003
  3.3000000e+001  9.3583064e-003
  3.4000000e+001  1.0489301e-002
  3.5000000e+001  1.1732504e-002
  3.6000000e+001  1.3099678e-002
  3.7000000e+001  1.4603910e-002
  3.8000000e+001  1.6259778e-002
  3.9000000e+001  1.8083391e-002
  4.0000000e+001  2.0092622e-002
  4.1000000e+001  2.0473334e-002
  4.2000000e+001  2.0847033e-002
  4.3000000e+001  2.1215099e-002
  4.4000000e+001  2.1578825e-002
  4.5000000e+001  2.1939167e-002
  4.6000000e+001  2.2296900e-002
  4.7000000e+001  2.2652647e-002
  4.8000000e+001  2.3006847e-002
  4.9000000e+001  2.3359641e-002
  5.0000000e+001  2.3711083e-002
  5.1000000e+001  2.3411113e-002
  5.2000000e+001  2.3108331e-002
  5.3000000e+001  2.2802625e-002
  5.4000000e+001  2.2493802e-002
  5.5000000e+001  2.2181483e-002
  5.6000000e+001  2.1865285e-002
  5.7000000e+001  2.1544673e-002
  5.8000000e+001  6.3895095e-002
  5.9000000e+001  2.0887579e-002
  6.0000000e+001  2.0549695e-002
  6.1000000e+001  1.9936565e-002
  6.2000000e+001  1.9327037e-002
  6.3000000e+001  1.8719985e-002
  6.4000000e+001  1.8114686e-002
  6.5000000e+001  1.7510852e-002
  6.6000000e+001  1.6909305e-002
  6.7000000e+001  4.3812107e-002
  6.8000000e+001  1.5721243e-002
  6.9000000e+001  2.2508700e-002
  7.0000000e+001  1.2934014e-002
  7.1000000e+001  1.2539612e-002
  7.2000000e+001  1.2132737e-002
  7.3000000e+001  1.1713702e-002
  7.4000000e+001  1.1282773e-002
  7.5000000e+001  1.0840166e-002
  7.6000000e+001  1.0386230e-002
  7.7000000e+001  9.9211400e-003
  7.8000000e+001  9.4452808e-003
  7.9000000e+001  8.9588193e-003
  8.0000000e+001  8.4621673e-003
  8.1000000e+001  7.9098811e-003
  8.2000000e+001  7.3541150e-003
  8.3000000e+001  6.7953180e-003
  8.4000000e+001  6.2337633e-003
  8.5000000e+001  5.6699700e-003
  8.6000000e+001  5.1043091e-003
  8.7000000e+001  4.5371949e-003
  8.8000000e+001  3.9690531e-003
  8.9000000e+001  3.4003012e-003
  9.0000000e+001  2.8313765e-003
  9.1000000e+001  2.2627294e-003
  9.2000000e+001  1.6947975e-003
  9.3000000e+001  1.1280597e-003
  9.4000000e+001  5.6298202e-004
  9.5000000e+001  2.3433635e-005
