  1.0000000e+001  0.0000000e+000
  1.1000000e+001  0.0000000e+000
  1.2000000e+001  0.0000000e+000
  1.3000000e+001  0.0000000e+000
  1.4000000e+001  1.3867371e-011
  1.5000000e+001  7.8367776e-010
  1.6000000e+001  1.3043275e-008
  1.7000000e+001  1.3967518e-007
  1.8000000e+001  9.7704349e-007
  1.9000000e+001  4.5308171e-006
  2.0000000e+001  1.4130275e-005
  2.1000000e+001  3.4829677e-005
  2.2000000e+001  7.9100115e-005
  2.3000000e+001  1.6586243e-004
  2.4000000e+001  3.2183723e-004
  2.5000000e+001  5.7929483e-004
  2.6000000e+001  9.6977878e-004
  2.7000000e+001  1.5141162e-003
  2.8000000e+001  2.2111480e-003
  2.9000000e+001  3.0291931e-003
  3.0000000e+001  3.9048150e-003
  3.1000000e+001  4.8298515e-003
  3.2000000e+001  5.8395006e-003
  3.3000000e+001  6.9114490e-003
  3.4000000e+001  8.0194311e-003
  3.5000000e+001  9.1351251e-003
  3.6000000e+001  1.0230126e-002
  3.7000000e+001  1.1277953e-002
  3.8000000e+001  1.2255553e-002
  3.9000000e+001  1.3144659e-002
  4.0000000e+001  1.3932341e-002
  4.1000000e+001  1.4636710e-002
  4.2000000e+001  1.5277779e-002
  4.3000000e+001  1.5850963e-002
  4.4000000e+001  1.6353189e-002
  4.5000000e+001  1.6782879e-002
  4.6000000e+001  1.7139776e-002
  4.7000000e+001  1.7424934e-002
  4.8000000e+001  1.7640485e-002
  4.9000000e+001  1.7789563e-002
  5.0000000e+001  1.7876061e-002
  5.1000000e+001  1.7915483e-002
  5.2000000e+001  1.7920534e-002
  5.3000000e+001  1.7891539e-002
  5.4000000e+001  1.7828810e-002
  5.5000000e+001  1.7732800e-002
  5.6000000e+001  1.7603953e-002
  5.7000000e+001  1.7442865e-002
  5.8000000e+001  7.9253996e-002
  5.9000000e+001  1.7026737e-002
  6.0000000e+001  1.6773318e-002
  6.1000000e+001  1.6501853e-002
  6.2000000e+001  1.6223587e-002
  6.3000000e+001  1.5938398e-002
  6.4000000e+001  1.5646412e-002
  6.5000000e+001  1.5348131e-002
  6.6000000e+001  1.5044889e-002
  6.7000000e+001  5.6689226e-002
  6.8000000e+001  1.4433939e-002
  6.9000000e+001  2.5469030e-002
  7.0000000e+001  1.0678559e-002
  7.1000000e+001  1.0581368e-002
  7.2000000e+001  1.0473549e-002
  7.3000000e+001  1.0355455e-002
  7.4000000e+001  1.0227395e-002
  7.5000000e+001  1.0089729e-002
  7.6000000e+001  9.9427714e-003
  7.7000000e+001  9.7868496e-003
  7.8000000e+001  9.6223835e-003
  7.9000000e+001  9.4496943e-003
  8.0000000e+001  9.2692658e-003
  8.1000000e+001  9.0823366e-003
  8.2000000e+001  8.8900681e-003
  8.3000000e+001  8.6927626e-003
  8.4000000e+001  8.4906887e-003
  8.5000000e+001  8.2841508e-003
  8.6000000e+001  8.0733836e-003
  8.7000000e+001  7.8586569e-003
  8.8000000e+001  7.6402404e-003
  8.9000000e+001  7.4184042e-003
  9.0000000e+001  7.1933100e-003
  9.1000000e+001  6.9652629e-003
  9.2000000e+001  6.7344959e-003
  9.3000000e+001  6.5012056e-003
  9.4000000e+001  6.2656244e-003
  9.5000000e+001  6.0279483e-003
  9.6000000e+001  5.7884460e-003
  9.7000000e+001  5.5473130e-003
  9.8000000e+001  5.3047450e-003
  9.9000000e+001  5.0609736e-003
  1.0000000e+002  4.8161567e-003
  1.0100000e+002  4.5704221e-003
  1.0200000e+002  4.3239378e-003
  1.0300000e+002  4.0769147e-003
  1.0400000e+002  3.8296276e-003
  1.0500000e+002  3.5822900e-003
  1.0600000e+002  3.3351232e-003
  1.0700000e+002  3.0883346e-003
  1.0800000e+002  2.8421291e-003
  1.0900000e+002  2.5966954e-003
  1.1000000e+002  2.3522146e-003
  1.1100000e+002  2.1088692e-003
  1.1200000e+002  1.8668377e-003
  1.1300000e+002  1.6263105e-003
  1.1400000e+002  1.3874765e-003
  1.1500000e+002  1.1505152e-003
  1.1600000e+002  9.1561095e-004
  1.1700000e+002  6.8293708e-004
  1.1800000e+002  4.5266664e-004
  1.1900000e+002  2.2497519e-004
  1.2000000e+002  9.3246468e-006
