1.000000000000000000e+01 1.422459999999999930e-05
1.100000000000000000e+01 5.488320000000000335e-05
1.200000000000000000e+01 1.117430000000000040e-04
1.300000000000000000e+01 1.997760000000000063e-04
1.400000000000000000e+01 4.456519999999999948e-04
1.500000000000000000e+01 7.790450000000000196e-04
1.600000000000000000e+01 1.531459999999999896e-03
1.700000000000000000e+01 2.437130000000000025e-03
1.800000000000000000e+01 3.233859999999999860e-03
1.900000000000000000e+01 4.156120000000000127e-03
2.000000000000000000e+01 5.053689999999999571e-03
2.100000000000000000e+01 6.038619999999999752e-03
2.200000000000000000e+01 7.337569999999999856e-03
2.300000000000000000e+01 8.729580000000000672e-03
2.400000000000000000e+01 9.913699999999999249e-03
2.500000000000000000e+01 1.107099999999999924e-02
2.600000000000000000e+01 1.122659999999999977e-02
2.700000000000000000e+01 1.221170000000000068e-02
2.800000000000000000e+01 1.305569999999999994e-02
2.900000000000000000e+01 1.392239999999999971e-02
3.000000000000000000e+01 1.456479999999999927e-02
3.100000000000000000e+01 1.522070000000000020e-02
3.200000000000000000e+01 1.566889999999999949e-02
3.300000000000000000e+01 1.611999999999999891e-02
3.400000000000000000e+01 1.643270000000000147e-02
3.500000000000000000e+01 1.670819999999999944e-02
3.600000000000000000e+01 1.681859999999999952e-02
3.700000000000000000e+01 1.691070000000000073e-02
3.800000000000000000e+01 1.693609999999999907e-02
3.900000000000000000e+01 1.695100000000000079e-02
4.000000000000000000e+01 1.683600000000000027e-02
4.100000000000000000e+01 1.672030000000000044e-02
4.200000000000000000e+01 1.657379999999999964e-02
4.300000000000000000e+01 1.643390000000000128e-02
4.400000000000000000e+01 1.632799999999999876e-02
4.500000000000000000e+01 1.620059999999999903e-02
4.600000000000000000e+01 1.597569999999999893e-02
4.700000000000000000e+01 1.574789999999999870e-02
4.800000000000000000e+01 1.549380000000000028e-02
4.900000000000000000e+01 1.523170000000000079e-02
5.000000000000000000e+01 1.494299999999999969e-02
5.100000000000000000e+01 1.464720000000000084e-02
5.200000000000000000e+01 1.438019999999999923e-02
5.300000000000000000e+01 1.410800000000000075e-02
5.400000000000000000e+01 1.386289999999999918e-02
5.500000000000000000e+01 1.361260000000000074e-02
5.600000000000000000e+01 1.993100000000000080e-02
5.700000000000000000e+01 2.627689999999999887e-02
5.800000000000000000e+01 3.172130000000000088e-02
5.900000000000000000e+01 3.716409999999999852e-02
6.000000000000000000e+01 2.572119999999999962e-02
6.100000000000000000e+01 1.421900000000000074e-02
6.200000000000000000e+01 1.267309999999999964e-02
6.300000000000000000e+01 1.111599999999999915e-02
6.400000000000000000e+01 1.077730000000000007e-02
6.500000000000000000e+01 1.041699999999999918e-02
6.600000000000000000e+01 1.437410000000000077e-02
6.700000000000000000e+01 1.834229999999999888e-02
6.800000000000000000e+01 1.509630000000000000e-02
6.900000000000000000e+01 1.179239999999999976e-02
7.000000000000000000e+01 9.493180000000000368e-03
7.100000000000000000e+01 7.180889999999999669e-03
7.200000000000000000e+01 6.906299999999999766e-03
7.300000000000000000e+01 6.614720000000000148e-03
7.400000000000000000e+01 6.572520000000000098e-03
7.500000000000000000e+01 6.549049999999999837e-03
7.600000000000000000e+01 6.401630000000000167e-03
7.700000000000000000e+01 6.235270000000000222e-03
7.800000000000000000e+01 6.107679999999999880e-03
7.900000000000000000e+01 5.914410000000000153e-03
8.000000000000000000e+01 5.891040000000000165e-03
8.100000000000000000e+01 5.791250000000000391e-03
8.200000000000000000e+01 5.488179999999999621e-03
8.300000000000000000e+01 5.219090000000000014e-03
8.400000000000000000e+01 5.098420000000000209e-03
8.500000000000000000e+01 4.979029999999999741e-03
8.600000000000000000e+01 4.872770000000000226e-03
8.700000000000000000e+01 4.765740000000000080e-03
8.800000000000000000e+01 4.623330000000000148e-03
8.900000000000000000e+01 4.480480000000000226e-03
9.000000000000000000e+01 4.421669999999999941e-03
9.100000000000000000e+01 4.365209999999999577e-03
9.200000000000000000e+01 4.258399999999999859e-03
9.300000000000000000e+01 4.159930000000000051e-03
9.400000000000000000e+01 4.032550000000000197e-03
9.500000000000000000e+01 3.904620000000000139e-03
9.600000000000000000e+01 3.746839999999999980e-03
9.700000000000000000e+01 3.587400000000000137e-03
9.800000000000000000e+01 3.546469999999999918e-03
9.900000000000000000e+01 3.504929999999999851e-03
1.000000000000000000e+02 3.338579999999999846e-03
1.010000000000000000e+02 3.174279999999999810e-03
1.020000000000000000e+02 3.164140000000000182e-03
1.030000000000000000e+02 3.162369999999999851e-03
1.040000000000000000e+02 2.989509999999999910e-03
1.050000000000000000e+02 2.816159999999999844e-03
1.060000000000000000e+02 2.692120000000000103e-03
1.070000000000000000e+02 2.571270000000000066e-03
1.080000000000000000e+02 2.476110000000000116e-03
1.090000000000000000e+02 2.374659999999999792e-03
1.100000000000000000e+02 2.273470000000000091e-03
1.110000000000000000e+02 2.181329999999999988e-03
1.120000000000000000e+02 2.154549999999999868e-03
1.130000000000000000e+02 2.133219999999999908e-03
1.140000000000000000e+02 2.011080000000000159e-03
1.150000000000000000e+02 1.880670000000000085e-03
1.160000000000000000e+02 1.821909999999999936e-03
1.170000000000000000e+02 1.760559999999999990e-03
1.180000000000000000e+02 1.692010000000000085e-03
1.190000000000000000e+02 1.614910000000000000e-03
1.200000000000000000e+02 1.477339999999999947e-03
1.210000000000000000e+02 1.323100000000000014e-03
1.220000000000000000e+02 1.276809999999999968e-03
1.230000000000000000e+02 1.202490000000000069e-03
1.240000000000000000e+02 1.180819999999999960e-03
1.250000000000000000e+02 1.161190000000000095e-03
1.260000000000000000e+02 1.033330000000000056e-03
1.270000000000000000e+02 9.050840000000000100e-04
1.280000000000000000e+02 7.059660000000000100e-05
1.290000000000000000e+02 8.178939999999999995e-04
1.300000000000000000e+02 1.795200000000000024e-05
1.310000000000000000e+02 6.409470000000000011e-04
1.320000000000000000e+02 2.890629999999999936e-04
1.330000000000000000e+02 2.551599999999999897e-04
1.340000000000000000e+02 2.171780000000000000e-04
1.350000000000000000e+02 1.791890000000000084e-04
1.360000000000000000e+02 1.479809999999999915e-04
1.370000000000000000e+02 1.167659999999999998e-04
1.380000000000000000e+02 7.739899999999999536e-05
1.390000000000000000e+02 3.802410000000000073e-05
1.400000000000000000e+02 0.000000000000000000e+00
1.410000000000000000e+02 0.000000000000000000e+00
1.420000000000000000e+02 0.000000000000000000e+00
1.430000000000000000e+02 0.000000000000000000e+00
1.440000000000000000e+02 0.000000000000000000e+00
1.450000000000000000e+02 0.000000000000000000e+00
1.460000000000000000e+02 0.000000000000000000e+00
1.470000000000000000e+02 0.000000000000000000e+00
1.480000000000000000e+02 0.000000000000000000e+00
1.490000000000000000e+02 0.000000000000000000e+00
1.500000000000000000e+02 0.000000000000000000e+00
1.500000000000000000e+02 0.000000000000000000e+00
1.510000000000000000e+02 0.000000000000000000e+00
1.520000000000000000e+02 0.000000000000000000e+00
1.530000000000000000e+02 0.000000000000000000e+00
1.540000000000000000e+02 0.000000000000000000e+00
1.550000000000000000e+02 0.000000000000000000e+00
1.560000000000000000e+02 0.000000000000000000e+00
1.570000000000000000e+02 0.000000000000000000e+00
1.580000000000000000e+02 0.000000000000000000e+00
1.590000000000000000e+02 0.000000000000000000e+00
1.600000000000000000e+02 0.000000000000000000e+00
