  1.0000000e+001  0.0000000e+000
  1.1000000e+001  0.0000000e+000
  1.2000000e+001  0.0000000e+000
  1.3000000e+001  0.0000000e+000
  1.4000000e+001  1.1050652e-011
  1.5000000e+001  6.2518326e-010
  1.6000000e+001  1.0415721e-008
  1.7000000e+001  1.1164643e-007
  1.8000000e+001  7.8184796e-007
  1.9000000e+001  3.6310725e-006
  2.0000000e+001  1.1348711e-005
  2.1000000e+001  2.8058731e-005
  2.2000000e+001  6.3981726e-005
  2.3000000e+001  1.3484048e-004
  2.4000000e+001  2.6320046e-004
  2.5000000e+001  4.7690615e-004
  2.6000000e+001  8.0409166e-004
  2.7000000e+001  1.2648013e-003
  2.8000000e+001  1.8610361e-003
  2.9000000e+001  2.5688185e-003
  3.0000000e+001  3.3359118e-003
  3.1000000e+001  4.1557743e-003
  3.2000000e+001  5.0591695e-003
  3.3000000e+001  6.0272679e-003
  3.4000000e+001  7.0371073e-003
  3.5000000e+001  8.0633573e-003
  3.6000000e+001  9.0799965e-003
  3.7000000e+001  1.0062204e-002
  3.8000000e+001  1.0987886e-002
  3.9000000e+001  1.1839086e-002
  4.0000000e+001  1.2602338e-002
  4.1000000e+001  1.3292659e-002
  4.2000000e+001  1.3927087e-002
  4.3000000e+001  1.4500598e-002
  4.4000000e+001  1.5009702e-002
  4.5000000e+001  1.5452077e-002
  4.6000000e+001  1.5826990e-002
  4.7000000e+001  1.6134876e-002
  4.8000000e+001  1.6377284e-002
  4.9000000e+001  1.6556768e-002
  5.0000000e+001  1.6676672e-002
  5.1000000e+001  1.6751277e-002
  5.2000000e+001  1.6792379e-002
  5.3000000e+001  1.6800286e-002
  5.4000000e+001  1.6775305e-002
  5.5000000e+001  1.6717850e-002
  5.6000000e+001  1.6628434e-002
  5.7000000e+001  1.6507547e-002
  5.8000000e+001  8.2656583e-002
  5.9000000e+001  1.6174113e-002
  6.0000000e+001  1.5963148e-002
  6.1000000e+001  1.5734301e-002
  6.2000000e+001  1.5498359e-002
  6.3000000e+001  1.5255309e-002
  6.4000000e+001  1.5005370e-002
  6.5000000e+001  1.4749068e-002
  6.6000000e+001  1.4487783e-002
  6.7000000e+001  5.9855623e-002
  6.8000000e+001  1.3960526e-002
  6.9000000e+001  2.6066130e-002
  7.0000000e+001  9.8233900e-003
  7.1000000e+001  9.7700639e-003
  7.2000000e+001  9.7074749e-003
  7.3000000e+001  9.6358806e-003
  7.4000000e+001  9.5555591e-003
  7.5000000e+001  9.4667503e-003
  7.6000000e+001  9.3697368e-003
  7.7000000e+001  9.2648166e-003
  7.8000000e+001  9.1522228e-003
  7.9000000e+001  9.0322804e-003
  8.0000000e+001  8.9053715e-003
  8.1000000e+001  8.7726206e-003
  8.2000000e+001  8.6351500e-003
  8.3000000e+001  8.4931733e-003
  8.4000000e+001  8.3469053e-003
  8.5000000e+001  8.1965915e-003
  8.6000000e+001  8.0424781e-003
  8.7000000e+001  7.8847226e-003
  8.8000000e+001  7.7236019e-003
  8.9000000e+001  7.5592433e-003
  9.0000000e+001  7.3918936e-003
  9.1000000e+001  7.2216795e-003
  9.2000000e+001  7.0488782e-003
  9.3000000e+001  6.8735551e-003
  9.4000000e+001  6.6959877e-003
  9.5000000e+001  6.5162716e-003
  9.6000000e+001  6.3345933e-003
  9.7000000e+001  6.1511397e-003
  9.8000000e+001  5.9660368e-003
  9.9000000e+001  5.7794409e-003
  1.0000000e+002  5.5915393e-003
  1.0100000e+002  5.4023053e-003
  1.0200000e+002  5.2118748e-003
  1.0300000e+002  5.0203965e-003
  1.0400000e+002  4.8280729e-003
  1.0500000e+002  4.6350979e-003
  1.0600000e+002  4.4416249e-003
  1.0700000e+002  4.2478279e-003
  1.0800000e+002  4.0538398e-003
  1.0900000e+002  3.8598448e-003
  1.1000000e+002  3.6658931e-003
  1.1100000e+002  3.4721549e-003
  1.1200000e+002  3.2787496e-003
  1.1300000e+002  3.0858084e-003
  1.1400000e+002  2.8934723e-003
  1.1500000e+002  2.7018696e-003
  1.1600000e+002  2.5111342e-003
  1.1700000e+002  2.3213987e-003
  1.1800000e+002  2.1327876e-003
  1.1900000e+002  1.9454323e-003
  1.2000000e+002  1.7594553e-003
  1.2100000e+002  1.5749701e-003
  1.2200000e+002  1.3920883e-003
  1.2300000e+002  1.2109213e-003
  1.2400000e+002  1.0315897e-003
  1.2500000e+002  8.5420153e-004
  1.2600000e+002  6.7886111e-004
  1.2700000e+002  5.0567465e-004
  1.2800000e+002  3.3474390e-004
  1.2900000e+002  1.6615994e-004
  1.3000000e+002  6.8783433e-006
