1.000000000000000000e+01 2.532149999999999973e-06
1.100000000000000000e+01 1.421409999999999999e-05
1.200000000000000000e+01 3.911590000000000271e-05
1.300000000000000000e+01 8.908960000000000165e-05
1.400000000000000000e+01 2.414229999999999957e-04
1.500000000000000000e+01 4.934590000000000200e-04
1.600000000000000000e+01 1.063750000000000025e-03
1.700000000000000000e+01 1.831839999999999944e-03
1.800000000000000000e+01 2.600550000000000084e-03
1.900000000000000000e+01 3.541110000000000091e-03
2.000000000000000000e+01 4.524249999999999626e-03
2.100000000000000000e+01 5.587130000000000048e-03
2.200000000000000000e+01 6.990530000000000008e-03
2.300000000000000000e+01 8.535579999999999209e-03
2.400000000000000000e+01 9.919549999999999201e-03
2.500000000000000000e+01 1.130669999999999939e-02
2.600000000000000000e+01 5.776360000000000348e-03
2.700000000000000000e+01 6.768569999999999795e-03
2.800000000000000000e+01 7.744629999999999743e-03
2.900000000000000000e+01 8.786270000000000538e-03
3.000000000000000000e+01 9.725849999999999426e-03
3.100000000000000000e+01 1.060840000000000047e-02
3.200000000000000000e+01 1.136290000000000043e-02
3.300000000000000000e+01 1.212820000000000044e-02
3.400000000000000000e+01 1.279240000000000065e-02
3.500000000000000000e+01 1.342469999999999948e-02
3.600000000000000000e+01 1.391539999999999964e-02
3.700000000000000000e+01 1.437710000000000030e-02
3.800000000000000000e+01 1.476610000000000075e-02
3.900000000000000000e+01 1.512830000000000077e-02
4.000000000000000000e+01 1.535470000000000064e-02
4.100000000000000000e+01 1.549530000000000005e-02
4.200000000000000000e+01 1.559299999999999922e-02
4.300000000000000000e+01 1.568260000000000140e-02
4.400000000000000000e+01 1.579130000000000117e-02
4.500000000000000000e+01 1.586680000000000035e-02
4.600000000000000000e+01 1.583340000000000095e-02
4.700000000000000000e+01 1.578310000000000130e-02
4.800000000000000000e+01 1.569270000000000040e-02
4.900000000000000000e+01 1.558099999999999936e-02
5.000000000000000000e+01 1.542900000000000001e-02
5.100000000000000000e+01 1.523399999999999928e-02
5.200000000000000000e+01 1.506030000000000042e-02
5.300000000000000000e+01 1.487289999999999966e-02
5.400000000000000000e+01 1.470650000000000082e-02
5.500000000000000000e+01 1.452750000000000048e-02
5.600000000000000000e+01 2.139179999999999901e-02
5.700000000000000000e+01 2.835589999999999986e-02
5.800000000000000000e+01 3.440780000000000227e-02
5.900000000000000000e+01 4.050959999999999978e-02
6.000000000000000000e+01 2.816779999999999978e-02
6.100000000000000000e+01 1.562639999999999862e-02
6.200000000000000000e+01 1.397460000000000022e-02
6.300000000000000000e+01 1.229760000000000054e-02
6.400000000000000000e+01 1.196020000000000069e-02
6.500000000000000000e+01 1.159529999999999936e-02
6.600000000000000000e+01 1.604629999999999945e-02
6.700000000000000000e+01 2.053320000000000145e-02
6.800000000000000000e+01 1.694489999999999885e-02
6.900000000000000000e+01 1.327049999999999931e-02
7.000000000000000000e+01 1.070959999999999968e-02
7.100000000000000000e+01 8.120370000000000019e-03
7.200000000000000000e+01 7.827779999999999461e-03
7.300000000000000000e+01 7.513849999999999869e-03
7.400000000000000000e+01 7.481780000000000375e-03
7.500000000000000000e+01 7.470290000000000090e-03
7.600000000000000000e+01 7.316480000000000206e-03
7.700000000000000000e+01 7.139819999999999847e-03
7.800000000000000000e+01 7.006430000000000123e-03
7.900000000000000000e+01 6.796589999999999923e-03
8.000000000000000000e+01 6.781119999999999856e-03
8.100000000000000000e+01 6.674479999999999996e-03
8.200000000000000000e+01 6.332749999999999838e-03
8.300000000000000000e+01 6.029249999999999887e-03
8.400000000000000000e+01 5.896499999999999832e-03
8.500000000000000000e+01 5.764739999999999968e-03
8.600000000000000000e+01 5.647710000000000230e-03
8.700000000000000000e+01 5.529359999999999657e-03
8.800000000000000000e+01 5.369520000000000022e-03
8.900000000000000000e+01 5.208680000000000254e-03
9.000000000000000000e+01 5.145180000000000066e-03
9.100000000000000000e+01 5.084140000000000013e-03
9.200000000000000000e+01 4.964159999999999580e-03
9.300000000000000000e+01 4.853569999999999759e-03
9.400000000000000000e+01 4.708900000000000238e-03
9.500000000000000000e+01 4.563229999999999717e-03
9.600000000000000000e+01 4.382310000000000372e-03
9.700000000000000000e+01 4.199050000000000178e-03
9.800000000000000000e+01 4.154249999999999957e-03
9.900000000000000000e+01 4.108569999999999757e-03
1.000000000000000000e+02 3.916320000000000044e-03
1.010000000000000000e+02 3.725319999999999847e-03
1.020000000000000000e+02 3.715110000000000200e-03
1.030000000000000000e+02 3.714690000000000093e-03
1.040000000000000000e+02 3.513179999999999862e-03
1.050000000000000000e+02 3.310879999999999986e-03
1.060000000000000000e+02 3.166379999999999889e-03
1.070000000000000000e+02 3.025480000000000096e-03
1.080000000000000000e+02 2.914690000000000163e-03
1.090000000000000000e+02 2.796379999999999786e-03
1.100000000000000000e+02 2.678260000000000016e-03
1.110000000000000000e+02 2.570690000000000041e-03
1.120000000000000000e+02 2.540070000000000175e-03
1.130000000000000000e+02 2.515850000000000031e-03
1.140000000000000000e+02 2.372650000000000019e-03
1.150000000000000000e+02 2.219570000000000137e-03
1.160000000000000000e+02 2.150969999999999879e-03
1.170000000000000000e+02 2.079239999999999994e-03
1.180000000000000000e+02 1.998939999999999832e-03
1.190000000000000000e+02 1.908470000000000001e-03
1.200000000000000000e+02 1.746460000000000026e-03
1.210000000000000000e+02 1.564599999999999975e-03
1.220000000000000000e+02 1.510319999999999892e-03
1.230000000000000000e+02 1.422840000000000086e-03
1.240000000000000000e+02 1.397599999999999927e-03
1.250000000000000000e+02 1.374769999999999985e-03
1.260000000000000000e+02 1.223740000000000071e-03
1.270000000000000000e+02 1.072159999999999953e-03
1.280000000000000000e+02 8.365080000000000215e-05
1.290000000000000000e+02 9.693899999999999869e-04
1.300000000000000000e+02 2.128269999999999869e-05
1.310000000000000000e+02 7.600600000000000108e-04
1.320000000000000000e+02 3.428670000000000090e-04
1.330000000000000000e+02 3.027279999999999923e-04
1.340000000000000000e+02 2.577279999999999827e-04
1.350000000000000000e+02 2.126960000000000114e-04
1.360000000000000000e+02 1.756930000000000134e-04
1.370000000000000000e+02 1.386640000000000127e-04
1.380000000000000000e+02 9.193449999999999875e-05
1.390000000000000000e+02 4.517490000000000009e-05
1.400000000000000000e+02 0.000000000000000000e+00
1.410000000000000000e+02 0.000000000000000000e+00
1.420000000000000000e+02 0.000000000000000000e+00
1.430000000000000000e+02 0.000000000000000000e+00
1.440000000000000000e+02 0.000000000000000000e+00
1.450000000000000000e+02 0.000000000000000000e+00
1.460000000000000000e+02 0.000000000000000000e+00
1.470000000000000000e+02 0.000000000000000000e+00
1.480000000000000000e+02 0.000000000000000000e+00
1.490000000000000000e+02 0.000000000000000000e+00
1.500000000000000000e+02 0.000000000000000000e+00
1.500000000000000000e+02 0.000000000000000000e+00
1.510000000000000000e+02 0.000000000000000000e+00
1.520000000000000000e+02 0.000000000000000000e+00
1.530000000000000000e+02 0.000000000000000000e+00
1.540000000000000000e+02 0.000000000000000000e+00
1.550000000000000000e+02 0.000000000000000000e+00
1.560000000000000000e+02 0.000000000000000000e+00
1.570000000000000000e+02 0.000000000000000000e+00
1.580000000000000000e+02 0.000000000000000000e+00
1.590000000000000000e+02 0.000000000000000000e+00
1.600000000000000000e+02 0.000000000000000000e+00
