  1.0000000e+001  0.0000000e+000
  1.1000000e+001  0.0000000e+000
  1.2000000e+001  0.0000000e+000
  1.3000000e+001  0.0000000e+000
  1.4000000e+001  2.4450588e-011
  1.5000000e+001  1.3777413e-009
  1.6000000e+001  2.2862205e-008
  1.7000000e+001  2.4394037e-007
  1.8000000e+001  1.6979972e-006
  1.9000000e+001  7.8195698e-006
  2.0000000e+001  2.4158619e-005
  2.1000000e+001  5.8840173e-005
  2.2000000e+001  1.3173298e-004
  2.3000000e+001  2.7179657e-004
  2.4000000e+001  5.1825066e-004
  2.5000000e+001  9.1596504e-004
  2.6000000e+001  1.5052535e-003
  2.7000000e+001  2.3073278e-003
  2.8000000e+001  3.3095153e-003
  2.9000000e+001  4.4560940e-003
  3.0000000e+001  5.6499651e-003
  3.1000000e+001  6.8797201e-003
  3.2000000e+001  8.1959245e-003
  3.3000000e+001  9.5668765e-003
  3.4000000e+001  1.0957420e-002
  3.5000000e+001  1.2331418e-002
  3.6000000e+001  1.3654164e-002
  3.7000000e+001  1.4894565e-002
  3.8000000e+001  1.6026942e-002
  3.9000000e+001  1.7032066e-002
  4.0000000e+001  1.7897762e-002
  4.1000000e+001  1.8651237e-002
  4.2000000e+001  1.9320695e-002
  4.3000000e+001  1.9902322e-002
  4.4000000e+001  2.0393942e-002
  4.5000000e+001  2.0794986e-002
  4.6000000e+001  2.1106451e-002
  4.7000000e+001  2.1330609e-002
  4.8000000e+001  2.1470907e-002
  4.9000000e+001  2.1531783e-002
  5.0000000e+001  2.1518489e-002
  5.1000000e+001  2.1449987e-002
  5.2000000e+001  2.1341455e-002
  5.3000000e+001  2.1193212e-002
  5.4000000e+001  2.1005446e-002
  5.5000000e+001  2.0778595e-002
  5.6000000e+001  2.0513176e-002
  5.7000000e+001  2.0209861e-002
  5.8000000e+001  6.7182260e-002
  5.9000000e+001  1.9492872e-002
  6.0000000e+001  1.9081354e-002
  6.1000000e+001  1.8648540e-002
  6.2000000e+001  1.8207079e-002
  6.3000000e+001  1.7756695e-002
  6.4000000e+001  1.7297467e-002
  6.5000000e+001  1.6829893e-002
  6.6000000e+001  1.6355333e-002
  6.7000000e+001  4.6809610e-002
  6.8000000e+001  1.5396711e-002
  6.9000000e+001  2.3232668e-002
  7.0000000e+001  1.2473184e-002
  7.1000000e+001  1.2179160e-002
  7.2000000e+001  1.1869745e-002
  7.3000000e+001  1.1545513e-002
  7.4000000e+001  1.1207175e-002
  7.5000000e+001  1.0855472e-002
  7.6000000e+001  1.0491122e-002
  7.7000000e+001  1.0114868e-002
  7.8000000e+001  9.7274317e-003
  7.9000000e+001  9.3295798e-003
  8.0000000e+001  8.9221962e-003
  8.1000000e+001  8.5068605e-003
  8.2000000e+001  8.0850672e-003
  8.3000000e+001  7.6573528e-003
  8.4000000e+001  7.2242542e-003
  8.5000000e+001  6.7863638e-003
  8.6000000e+001  6.3442186e-003
  8.7000000e+001  5.8983552e-003
  8.8000000e+001  5.4493315e-003
  8.9000000e+001  4.9976373e-003
  9.0000000e+001  4.5438171e-003
  9.1000000e+001  4.0883808e-003
  9.2000000e+001  3.6318536e-003
  9.3000000e+001  3.1747254e-003
  9.4000000e+001  2.7175183e-003
  9.5000000e+001  2.2607188e-003
  9.6000000e+001  1.8048224e-003
  9.7000000e+001  1.3503281e-003
  9.8000000e+001  8.9770888e-004
  9.9000000e+001  4.4745942e-004
  1.0000000e+002  1.8600087e-005
