        ANFO                                                                    
 
        Constituents (Atomic Number:Fraction by Weight)
           1:0.09704   6:0.42814   7:0.17499   8:0.29983
 
        Partial Interaction Coefficients and Total Attenuation Coefficients
 
         PHOTON       SCATTERING       PHOTO-     PAIR PRODUCTION    TOTAL ATTENUATION
         ENERGY   COHERENT  INCOHER.  ELECTRIC     IN        IN        WITH    WITHOUT
                                     ABSORPTION  NUCLEAR  ELECTRON   COHERENT  COHERENT
                                                  FIELD     FIELD     SCATT.    SCATT.
          (MeV)    (cm2/g)   (cm2/g)   (cm2/g)   (cm2/g)   (cm2/g)   (cm2/g)   (cm2/g)
 
        1.000E-02 1.842E-01 1.547E-01 3.178E+00 0.000E+00 0.000E+00 3.517E+00 3.333E+00
        1.100E-02 1.632E-01 1.586E-01 2.349E+00 0.000E+00 0.000E+00 2.671E+00 2.507E+00
        1.200E-02 1.460E-01 1.620E-01 1.780E+00 0.000E+00 0.000E+00 2.088E+00 1.942E+00
        1.300E-02 1.316E-01 1.649E-01 1.378E+00 0.000E+00 0.000E+00 1.675E+00 1.543E+00
        1.400E-02 1.193E-01 1.674E-01 1.087E+00 0.000E+00 0.000E+00 1.374E+00 1.254E+00
        1.500E-02 1.087E-01 1.696E-01 8.707E-01 0.000E+00 0.000E+00 1.149E+00 1.040E+00
        1.600E-02 9.945E-02 1.715E-01 7.073E-01 0.000E+00 0.000E+00 9.782E-01 8.787E-01
        1.700E-02 9.134E-02 1.732E-01 5.815E-01 0.000E+00 0.000E+00 8.461E-01 7.547E-01
        1.800E-02 8.417E-02 1.747E-01 4.834E-01 0.000E+00 0.000E+00 7.422E-01 6.580E-01
        1.900E-02 7.780E-02 1.760E-01 4.057E-01 0.000E+00 0.000E+00 6.594E-01 5.816E-01
        2.000E-02 7.210E-02 1.771E-01 3.435E-01 0.000E+00 0.000E+00 5.926E-01 5.205E-01
        2.100E-02 6.698E-02 1.781E-01 2.931E-01 0.000E+00 0.000E+00 5.381E-01 4.711E-01
        2.200E-02 6.237E-02 1.789E-01 2.519E-01 0.000E+00 0.000E+00 4.932E-01 4.308E-01
        2.300E-02 5.821E-02 1.796E-01 2.179E-01 0.000E+00 0.000E+00 4.557E-01 3.975E-01
        2.400E-02 5.443E-02 1.802E-01 1.896E-01 0.000E+00 0.000E+00 4.243E-01 3.699E-01
        2.500E-02 5.101E-02 1.807E-01 1.660E-01 0.000E+00 0.000E+00 3.977E-01 3.467E-01
        2.600E-02 4.789E-02 1.812E-01 1.460E-01 0.000E+00 0.000E+00 3.750E-01 3.271E-01
        2.700E-02 4.503E-02 1.815E-01 1.290E-01 0.000E+00 0.000E+00 3.555E-01 3.105E-01
        2.800E-02 4.243E-02 1.818E-01 1.145E-01 0.000E+00 0.000E+00 3.387E-01 2.963E-01
        2.900E-02 4.003E-02 1.820E-01 1.021E-01 0.000E+00 0.000E+00 3.241E-01 2.840E-01
        3.000E-02 3.783E-02 1.821E-01 9.130E-02 0.000E+00 0.000E+00 3.113E-01 2.734E-01
        3.100E-02 3.581E-02 1.822E-01 8.198E-02 0.000E+00 0.000E+00 3.000E-01 2.642E-01
        3.200E-02 3.394E-02 1.823E-01 7.385E-02 0.000E+00 0.000E+00 2.901E-01 2.562E-01
        3.300E-02 3.221E-02 1.823E-01 6.674E-02 0.000E+00 0.000E+00 2.813E-01 2.491E-01
        3.400E-02 3.061E-02 1.823E-01 6.050E-02 0.000E+00 0.000E+00 2.734E-01 2.428E-01
        3.500E-02 2.912E-02 1.822E-01 5.499E-02 0.000E+00 0.000E+00 2.663E-01 2.372E-01
        3.600E-02 2.774E-02 1.821E-01 5.011E-02 0.000E+00 0.000E+00 2.600E-01 2.323E-01
        3.700E-02 2.645E-02 1.820E-01 4.579E-02 0.000E+00 0.000E+00 2.543E-01 2.278E-01
        3.800E-02 2.525E-02 1.819E-01 4.193E-02 0.000E+00 0.000E+00 2.491E-01 2.238E-01
        3.900E-02 2.413E-02 1.817E-01 3.849E-02 0.000E+00 0.000E+00 2.443E-01 2.202E-01
        4.000E-02 2.308E-02 1.815E-01 3.540E-02 0.000E+00 0.000E+00 2.400E-01 2.169E-01
        4.100E-02 2.210E-02 1.813E-01 3.263E-02 0.000E+00 0.000E+00 2.360E-01 2.139E-01
        4.200E-02 2.118E-02 1.811E-01 3.013E-02 0.000E+00 0.000E+00 2.324E-01 2.112E-01
        4.300E-02 2.032E-02 1.808E-01 2.788E-02 0.000E+00 0.000E+00 2.290E-01 2.087E-01
        4.400E-02 1.950E-02 1.806E-01 2.584E-02 0.000E+00 0.000E+00 2.259E-01 2.064E-01
        4.500E-02 1.874E-02 1.803E-01 2.399E-02 0.000E+00 0.000E+00 2.230E-01 2.043E-01
        4.600E-02 1.802E-02 1.800E-01 2.231E-02 0.000E+00 0.000E+00 2.203E-01 2.023E-01
        4.700E-02 1.734E-02 1.797E-01 2.078E-02 0.000E+00 0.000E+00 2.178E-01 2.005E-01
        4.800E-02 1.669E-02 1.794E-01 1.938E-02 0.000E+00 0.000E+00 2.155E-01 1.988E-01
        4.900E-02 1.609E-02 1.791E-01 1.810E-02 0.000E+00 0.000E+00 2.133E-01 1.972E-01
        5.000E-02 1.551E-02 1.788E-01 1.693E-02 0.000E+00 0.000E+00 2.112E-01 1.957E-01
        5.100E-02 1.497E-02 1.785E-01 1.585E-02 0.000E+00 0.000E+00 2.093E-01 1.943E-01
        5.200E-02 1.445E-02 1.781E-01 1.487E-02 0.000E+00 0.000E+00 2.075E-01 1.930E-01
        5.300E-02 1.396E-02 1.778E-01 1.396E-02 0.000E+00 0.000E+00 2.057E-01 1.918E-01
 
        ANFO                                                                    
 
        Constituents (Atomic Number:Fraction by Weight)
           1:0.09704   6:0.42814   7:0.17499   8:0.29983
 
        Partial Interaction Coefficients and Total Attenuation Coefficients
 
         PHOTON       SCATTERING       PHOTO-     PAIR PRODUCTION    TOTAL ATTENUATION
         ENERGY   COHERENT  INCOHER.  ELECTRIC     IN        IN        WITH    WITHOUT
                                     ABSORPTION  NUCLEAR  ELECTRON   COHERENT  COHERENT
                                                  FIELD     FIELD     SCATT.    SCATT.
          (MeV)    (cm2/g)   (cm2/g)   (cm2/g)   (cm2/g)   (cm2/g)   (cm2/g)   (cm2/g)
 
        5.400E-02 1.349E-02 1.775E-01 1.312E-02 0.000E+00 0.000E+00 2.041E-01 1.906E-01
        5.500E-02 1.305E-02 1.771E-01 1.234E-02 0.000E+00 0.000E+00 2.025E-01 1.895E-01
        5.600E-02 1.263E-02 1.768E-01 1.163E-02 0.000E+00 0.000E+00 2.010E-01 1.884E-01
        5.700E-02 1.222E-02 1.764E-01 1.096E-02 0.000E+00 0.000E+00 1.996E-01 1.874E-01
        5.800E-02 1.184E-02 1.760E-01 1.035E-02 0.000E+00 0.000E+00 1.982E-01 1.864E-01
        5.900E-02 1.147E-02 1.757E-01 9.780E-03 0.000E+00 0.000E+00 1.969E-01 1.855E-01
        6.000E-02 1.113E-02 1.753E-01 9.250E-03 0.000E+00 0.000E+00 1.957E-01 1.846E-01
        6.100E-02 1.079E-02 1.749E-01 8.756E-03 0.000E+00 0.000E+00 1.945E-01 1.837E-01
        6.200E-02 1.047E-02 1.746E-01 8.297E-03 0.000E+00 0.000E+00 1.933E-01 1.829E-01
        6.300E-02 1.017E-02 1.742E-01 7.868E-03 0.000E+00 0.000E+00 1.922E-01 1.821E-01
        6.400E-02 9.876E-03 1.738E-01 7.467E-03 0.000E+00 0.000E+00 1.912E-01 1.813E-01
        6.500E-02 9.596E-03 1.735E-01 7.093E-03 0.000E+00 0.000E+00 1.902E-01 1.806E-01
        6.600E-02 9.328E-03 1.731E-01 6.743E-03 0.000E+00 0.000E+00 1.892E-01 1.798E-01
        6.700E-02 9.071E-03 1.727E-01 6.415E-03 0.000E+00 0.000E+00 1.882E-01 1.791E-01
        6.800E-02 8.824E-03 1.723E-01 6.107E-03 0.000E+00 0.000E+00 1.873E-01 1.785E-01
        6.900E-02 8.587E-03 1.720E-01 5.818E-03 0.000E+00 0.000E+00 1.864E-01 1.778E-01
        7.000E-02 8.359E-03 1.716E-01 5.547E-03 0.000E+00 0.000E+00 1.855E-01 1.771E-01
        7.100E-02 8.141E-03 1.712E-01 5.292E-03 0.000E+00 0.000E+00 1.847E-01 1.765E-01
        7.200E-02 7.930E-03 1.708E-01 5.052E-03 0.000E+00 0.000E+00 1.838E-01 1.759E-01
        7.300E-02 7.728E-03 1.705E-01 4.827E-03 0.000E+00 0.000E+00 1.830E-01 1.753E-01
        7.400E-02 7.533E-03 1.701E-01 4.614E-03 0.000E+00 0.000E+00 1.822E-01 1.747E-01
        7.500E-02 7.345E-03 1.697E-01 4.413E-03 0.000E+00 0.000E+00 1.815E-01 1.741E-01
        7.600E-02 7.165E-03 1.694E-01 4.223E-03 0.000E+00 0.000E+00 1.807E-01 1.736E-01
        7.700E-02 6.990E-03 1.690E-01 4.044E-03 0.000E+00 0.000E+00 1.800E-01 1.730E-01
        7.800E-02 6.822E-03 1.686E-01 3.875E-03 0.000E+00 0.000E+00 1.793E-01 1.725E-01
        7.900E-02 6.660E-03 1.682E-01 3.714E-03 0.000E+00 0.000E+00 1.786E-01 1.720E-01
        8.000E-02 6.504E-03 1.679E-01 3.563E-03 0.000E+00 0.000E+00 1.779E-01 1.714E-01
        8.100E-02 6.353E-03 1.675E-01 3.419E-03 0.000E+00 0.000E+00 1.773E-01 1.709E-01
        8.200E-02 6.207E-03 1.671E-01 3.283E-03 0.000E+00 0.000E+00 1.766E-01 1.704E-01
        8.300E-02 6.066E-03 1.668E-01 3.153E-03 0.000E+00 0.000E+00 1.760E-01 1.699E-01
        8.400E-02 5.929E-03 1.664E-01 3.031E-03 0.000E+00 0.000E+00 1.754E-01 1.694E-01
        8.500E-02 5.797E-03 1.660E-01 2.914E-03 0.000E+00 0.000E+00 1.747E-01 1.689E-01
        8.600E-02 5.670E-03 1.657E-01 2.803E-03 0.000E+00 0.000E+00 1.741E-01 1.685E-01
        8.700E-02 5.547E-03 1.653E-01 2.698E-03 0.000E+00 0.000E+00 1.735E-01 1.680E-01
        8.800E-02 5.427E-03 1.649E-01 2.598E-03 0.000E+00 0.000E+00 1.730E-01 1.675E-01
        8.900E-02 5.311E-03 1.646E-01 2.502E-03 0.000E+00 0.000E+00 1.724E-01 1.671E-01
        9.000E-02 5.199E-03 1.642E-01 2.411E-03 0.000E+00 0.000E+00 1.718E-01 1.666E-01
        9.100E-02 5.091E-03 1.639E-01 2.325E-03 0.000E+00 0.000E+00 1.713E-01 1.662E-01
        9.200E-02 4.986E-03 1.635E-01 2.242E-03 0.000E+00 0.000E+00 1.707E-01 1.657E-01
        9.300E-02 4.884E-03 1.631E-01 2.163E-03 0.000E+00 0.000E+00 1.702E-01 1.653E-01
        9.400E-02 4.785E-03 1.628E-01 2.088E-03 0.000E+00 0.000E+00 1.697E-01 1.649E-01
        9.500E-02 4.689E-03 1.624E-01 2.016E-03 0.000E+00 0.000E+00 1.691E-01 1.645E-01
        9.600E-02 4.595E-03 1.621E-01 1.947E-03 0.000E+00 0.000E+00 1.686E-01 1.640E-01
        9.700E-02 4.505E-03 1.617E-01 1.882E-03 0.000E+00 0.000E+00 1.681E-01 1.636E-01
 
        ANFO                                                                    
 
        Constituents (Atomic Number:Fraction by Weight)
           1:0.09704   6:0.42814   7:0.17499   8:0.29983
 
        Partial Interaction Coefficients and Total Attenuation Coefficients
 
         PHOTON       SCATTERING       PHOTO-     PAIR PRODUCTION    TOTAL ATTENUATION
         ENERGY   COHERENT  INCOHER.  ELECTRIC     IN        IN        WITH    WITHOUT
                                     ABSORPTION  NUCLEAR  ELECTRON   COHERENT  COHERENT
                                                  FIELD     FIELD     SCATT.    SCATT.
          (MeV)    (cm2/g)   (cm2/g)   (cm2/g)   (cm2/g)   (cm2/g)   (cm2/g)   (cm2/g)
 
        9.800E-02 4.417E-03 1.614E-01 1.819E-03 0.000E+00 0.000E+00 1.676E-01 1.632E-01
        9.900E-02 4.332E-03 1.610E-01 1.759E-03 0.000E+00 0.000E+00 1.671E-01 1.628E-01
        1.000E-01 4.249E-03 1.607E-01 1.701E-03 0.000E+00 0.000E+00 1.667E-01 1.624E-01
        1.010E-01 4.169E-03 1.604E-01 1.646E-03 0.000E+00 0.000E+00 1.662E-01 1.620E-01
        1.020E-01 4.090E-03 1.600E-01 1.594E-03 0.000E+00 0.000E+00 1.657E-01 1.616E-01
        1.030E-01 4.014E-03 1.597E-01 1.543E-03 0.000E+00 0.000E+00 1.652E-01 1.612E-01
        1.040E-01 3.940E-03 1.593E-01 1.494E-03 0.000E+00 0.000E+00 1.648E-01 1.608E-01
        1.050E-01 3.868E-03 1.590E-01 1.448E-03 0.000E+00 0.000E+00 1.643E-01 1.605E-01
        1.060E-01 3.798E-03 1.587E-01 1.403E-03 0.000E+00 0.000E+00 1.639E-01 1.601E-01
        1.070E-01 3.730E-03 1.583E-01 1.360E-03 0.000E+00 0.000E+00 1.634E-01 1.597E-01
        1.080E-01 3.663E-03 1.580E-01 1.319E-03 0.000E+00 0.000E+00 1.630E-01 1.593E-01
        1.090E-01 3.599E-03 1.577E-01 1.280E-03 0.000E+00 0.000E+00 1.626E-01 1.590E-01
        1.100E-01 3.536E-03 1.573E-01 1.242E-03 0.000E+00 0.000E+00 1.621E-01 1.586E-01
        1.110E-01 3.475E-03 1.570E-01 1.205E-03 0.000E+00 0.000E+00 1.617E-01 1.582E-01
        1.120E-01 3.415E-03 1.567E-01 1.170E-03 0.000E+00 0.000E+00 1.613E-01 1.579E-01
        1.130E-01 3.357E-03 1.564E-01 1.136E-03 0.000E+00 0.000E+00 1.609E-01 1.575E-01
        1.140E-01 3.300E-03 1.560E-01 1.104E-03 0.000E+00 0.000E+00 1.605E-01 1.572E-01
        1.150E-01 3.244E-03 1.557E-01 1.072E-03 0.000E+00 0.000E+00 1.600E-01 1.568E-01
        1.160E-01 3.190E-03 1.554E-01 1.042E-03 0.000E+00 0.000E+00 1.596E-01 1.565E-01
        1.170E-01 3.138E-03 1.551E-01 1.013E-03 0.000E+00 0.000E+00 1.592E-01 1.561E-01
        1.180E-01 3.086E-03 1.548E-01 9.853E-04 0.000E+00 0.000E+00 1.589E-01 1.558E-01
        1.190E-01 3.036E-03 1.545E-01 9.583E-04 0.000E+00 0.000E+00 1.585E-01 1.554E-01
        1.200E-01 2.987E-03 1.542E-01 9.322E-04 0.000E+00 0.000E+00 1.581E-01 1.551E-01
        1.210E-01 2.940E-03 1.538E-01 9.071E-04 0.000E+00 0.000E+00 1.577E-01 1.547E-01
        1.220E-01 2.893E-03 1.535E-01 8.829E-04 0.000E+00 0.000E+00 1.573E-01 1.544E-01
        1.230E-01 2.847E-03 1.532E-01 8.595E-04 0.000E+00 0.000E+00 1.569E-01 1.541E-01
        1.240E-01 2.803E-03 1.529E-01 8.369E-04 0.000E+00 0.000E+00 1.566E-01 1.538E-01
        1.250E-01 2.760E-03 1.526E-01 8.151E-04 0.000E+00 0.000E+00 1.562E-01 1.534E-01
        1.260E-01 2.717E-03 1.523E-01 7.940E-04 0.000E+00 0.000E+00 1.558E-01 1.531E-01
        1.270E-01 2.676E-03 1.520E-01 7.737E-04 0.000E+00 0.000E+00 1.555E-01 1.528E-01
        1.280E-01 2.635E-03 1.517E-01 7.540E-04 0.000E+00 0.000E+00 1.551E-01 1.525E-01
        1.290E-01 2.595E-03 1.514E-01 7.350E-04 0.000E+00 0.000E+00 1.547E-01 1.521E-01
        1.300E-01 2.557E-03 1.511E-01 7.166E-04 0.000E+00 0.000E+00 1.544E-01 1.518E-01
        1.310E-01 2.519E-03 1.508E-01 6.988E-04 0.000E+00 0.000E+00 1.540E-01 1.515E-01
        1.320E-01 2.482E-03 1.505E-01 6.816E-04 0.000E+00 0.000E+00 1.537E-01 1.512E-01
        1.330E-01 2.445E-03 1.502E-01 6.649E-04 0.000E+00 0.000E+00 1.533E-01 1.509E-01
        1.340E-01 2.410E-03 1.499E-01 6.488E-04 0.000E+00 0.000E+00 1.530E-01 1.506E-01
        1.350E-01 2.375E-03 1.497E-01 6.332E-04 0.000E+00 0.000E+00 1.527E-01 1.503E-01
        1.360E-01 2.341E-03 1.494E-01 6.180E-04 0.000E+00 0.000E+00 1.523E-01 1.500E-01
        1.370E-01 2.308E-03 1.491E-01 6.034E-04 0.000E+00 0.000E+00 1.520E-01 1.497E-01
        1.380E-01 2.275E-03 1.488E-01 5.892E-04 0.000E+00 0.000E+00 1.517E-01 1.494E-01
        1.390E-01 2.243E-03 1.485E-01 5.754E-04 0.000E+00 0.000E+00 1.513E-01 1.491E-01
        1.400E-01 2.212E-03 1.482E-01 5.621E-04 0.000E+00 0.000E+00 1.510E-01 1.488E-01
        1.410E-01 2.182E-03 1.479E-01 5.491E-04 0.000E+00 0.000E+00 1.507E-01 1.485E-01
 
        ANFO                                                                    
 
        Constituents (Atomic Number:Fraction by Weight)
           1:0.09704   6:0.42814   7:0.17499   8:0.29983
 
        Partial Interaction Coefficients and Total Attenuation Coefficients
 
         PHOTON       SCATTERING       PHOTO-     PAIR PRODUCTION    TOTAL ATTENUATION
         ENERGY   COHERENT  INCOHER.  ELECTRIC     IN        IN        WITH    WITHOUT
                                     ABSORPTION  NUCLEAR  ELECTRON   COHERENT  COHERENT
                                                  FIELD     FIELD     SCATT.    SCATT.
          (MeV)    (cm2/g)   (cm2/g)   (cm2/g)   (cm2/g)   (cm2/g)   (cm2/g)   (cm2/g)
 
        1.420E-01 2.152E-03 1.477E-01 5.366E-04 0.000E+00 0.000E+00 1.504E-01 1.482E-01
        1.430E-01 2.122E-03 1.474E-01 5.244E-04 0.000E+00 0.000E+00 1.500E-01 1.479E-01
        1.440E-01 2.094E-03 1.471E-01 5.126E-04 0.000E+00 0.000E+00 1.497E-01 1.476E-01
        1.450E-01 2.065E-03 1.468E-01 5.012E-04 0.000E+00 0.000E+00 1.494E-01 1.473E-01
        1.460E-01 2.038E-03 1.466E-01 4.900E-04 0.000E+00 0.000E+00 1.491E-01 1.471E-01
        1.470E-01 2.011E-03 1.463E-01 4.792E-04 0.000E+00 0.000E+00 1.488E-01 1.468E-01
        1.480E-01 1.984E-03 1.460E-01 4.687E-04 0.000E+00 0.000E+00 1.485E-01 1.465E-01
        1.490E-01 1.958E-03 1.458E-01 4.585E-04 0.000E+00 0.000E+00 1.482E-01 1.462E-01
        1.500E-01 1.933E-03 1.455E-01 4.486E-04 0.000E+00 0.000E+00 1.479E-01 1.459E-01
        1.510E-01 1.908E-03 1.452E-01 4.390E-04 0.000E+00 0.000E+00 1.476E-01 1.457E-01
        1.520E-01 1.883E-03 1.449E-01 4.297E-04 0.000E+00 0.000E+00 1.473E-01 1.454E-01
        1.530E-01 1.859E-03 1.447E-01 4.206E-04 0.000E+00 0.000E+00 1.470E-01 1.451E-01
        1.540E-01 1.835E-03 1.444E-01 4.118E-04 0.000E+00 0.000E+00 1.467E-01 1.448E-01
        1.550E-01 1.812E-03 1.442E-01 4.032E-04 0.000E+00 0.000E+00 1.464E-01 1.446E-01
        1.560E-01 1.789E-03 1.439E-01 3.948E-04 0.000E+00 0.000E+00 1.461E-01 1.443E-01
        1.570E-01 1.767E-03 1.436E-01 3.867E-04 0.000E+00 0.000E+00 1.458E-01 1.440E-01
        1.580E-01 1.745E-03 1.434E-01 3.788E-04 0.000E+00 0.000E+00 1.455E-01 1.438E-01
        1.590E-01 1.724E-03 1.431E-01 3.711E-04 0.000E+00 0.000E+00 1.452E-01 1.435E-01
        1.600E-01 1.703E-03 1.429E-01 3.636E-04 0.000E+00 0.000E+00 1.449E-01 1.432E-01
